
Loan repayment schedule
Schedule created on Sunday 12/03/23
by: Richard Ay, November 2023

 Loan Amount    : $900,000.00
 Interest Rate  : 0.06
 Period (years) : 30.00
 Monthly Payment: $5,395.95

  Month	Begin_Balance	Payment		Interest	Principal	End_Balance
  1	900,000.00	 5,395.95	 4,500.00	   895.95	899,104.05
  2	899,104.05	 5,395.95	 4,495.52	   900.43	898,203.61
  3	898,203.61	 5,395.95	 4,491.02	   904.94	897,298.67
  4	897,298.67	 5,395.95	 4,486.49	   909.46	896,389.21
  5	896,389.21	 5,395.95	 4,481.95	   914.01	895,475.20
  6	895,475.20	 5,395.95	 4,477.38	   918.58	894,556.63
  7	894,556.63	 5,395.95	 4,472.78	   923.17	893,633.45
  8	893,633.45	 5,395.95	 4,468.17	   927.79	892,705.67
  9	892,705.67	 5,395.95	 4,463.53	   932.43	891,773.24
  10	891,773.24	 5,395.95	 4,458.87	   937.09	890,836.15
  11	890,836.15	 5,395.95	 4,454.18	   941.77	889,894.38
  12	889,894.38	 5,395.95	 4,449.47	   946.48	888,947.89
  13	888,947.89	 5,395.95	 4,444.74	   951.22	887,996.68
  14	887,996.68	 5,395.95	 4,439.98	   955.97	887,040.71
  15	887,040.71	 5,395.95	 4,435.20	   960.75	886,079.96
  16	886,079.96	 5,395.95	 4,430.40	   965.55	885,114.40
  17	885,114.40	 5,395.95	 4,425.57	   970.38	884,144.02
  18	884,144.02	 5,395.95	 4,420.72	   975.23	883,168.78
  19	883,168.78	 5,395.95	 4,415.84	   980.11	882,188.67
  20	882,188.67	 5,395.95	 4,410.94	   985.01	881,203.66
  21	881,203.66	 5,395.95	 4,406.02	   989.94	880,213.73
  22	880,213.73	 5,395.95	 4,401.07	   994.89	879,218.84
  23	879,218.84	 5,395.95	 4,396.09	   999.86	878,218.98
  24	878,218.98	 5,395.95	 4,391.09	 1,004.86	877,214.12
  25	877,214.12	 5,395.95	 4,386.07	 1,009.88	876,204.24
  26	876,204.24	 5,395.95	 4,381.02	 1,014.93	875,189.30
  27	875,189.30	 5,395.95	 4,375.95	 1,020.01	874,169.29
  28	874,169.29	 5,395.95	 4,370.85	 1,025.11	873,144.19
  29	873,144.19	 5,395.95	 4,365.72	 1,030.23	872,113.95
  30	872,113.95	 5,395.95	 4,360.57	 1,035.38	871,078.57
  31	871,078.57	 5,395.95	 4,355.39	 1,040.56	870,038.00
  32	870,038.00	 5,395.95	 4,350.19	 1,045.76	868,992.24
  33	868,992.24	 5,395.95	 4,344.96	 1,050.99	867,941.25
  34	867,941.25	 5,395.95	 4,339.71	 1,056.25	866,885.00
  35	866,885.00	 5,395.95	 4,334.42	 1,061.53	865,823.47
  36	865,823.47	 5,395.95	 4,329.12	 1,066.84	864,756.63
  37	864,756.63	 5,395.95	 4,323.78	 1,072.17	863,684.46
  38	863,684.46	 5,395.95	 4,318.42	 1,077.53	862,606.93
  39	862,606.93	 5,395.95	 4,313.03	 1,082.92	861,524.01
  40	861,524.01	 5,395.95	 4,307.62	 1,088.33	860,435.67
  41	860,435.67	 5,395.95	 4,302.18	 1,093.78	859,341.90
  42	859,341.90	 5,395.95	 4,296.71	 1,099.25	858,242.65
  43	858,242.65	 5,395.95	 4,291.21	 1,104.74	857,137.91
  44	857,137.91	 5,395.95	 4,285.69	 1,110.27	856,027.64
  45	856,027.64	 5,395.95	 4,280.14	 1,115.82	854,911.83
  46	854,911.83	 5,395.95	 4,274.56	 1,121.40	853,790.43
  47	853,790.43	 5,395.95	 4,268.95	 1,127.00	852,663.43
  48	852,663.43	 5,395.95	 4,263.32	 1,132.64	851,530.79
  49	851,530.79	 5,395.95	 4,257.65	 1,138.30	850,392.49
  50	850,392.49	 5,395.95	 4,251.96	 1,143.99	849,248.50
  51	849,248.50	 5,395.95	 4,246.24	 1,149.71	848,098.79
  52	848,098.79	 5,395.95	 4,240.49	 1,155.46	846,943.33
  53	846,943.33	 5,395.95	 4,234.72	 1,161.24	845,782.09
  54	845,782.09	 5,395.95	 4,228.91	 1,167.04	844,615.04
  55	844,615.04	 5,395.95	 4,223.08	 1,172.88	843,442.16
  56	843,442.16	 5,395.95	 4,217.21	 1,178.74	842,263.42
  57	842,263.42	 5,395.95	 4,211.32	 1,184.64	841,078.78
  58	841,078.78	 5,395.95	 4,205.39	 1,190.56	839,888.22
  59	839,888.22	 5,395.95	 4,199.44	 1,196.51	838,691.71
  60	838,691.71	 5,395.95	 4,193.46	 1,202.50	837,489.21
  61	837,489.21	 5,395.95	 4,187.45	 1,208.51	836,280.70
  62	836,280.70	 5,395.95	 4,181.40	 1,214.55	835,066.15
  63	835,066.15	 5,395.95	 4,175.33	 1,220.62	833,845.53
  64	833,845.53	 5,395.95	 4,169.23	 1,226.73	832,618.80
  65	832,618.80	 5,395.95	 4,163.09	 1,232.86	831,385.94
  66	831,385.94	 5,395.95	 4,156.93	 1,239.03	830,146.91
  67	830,146.91	 5,395.95	 4,150.73	 1,245.22	828,901.69
  68	828,901.69	 5,395.95	 4,144.51	 1,251.45	827,650.25
  69	827,650.25	 5,395.95	 4,138.25	 1,257.70	826,392.54
  70	826,392.54	 5,395.95	 4,131.96	 1,263.99	825,128.55
  71	825,128.55	 5,395.95	 4,125.64	 1,270.31	823,858.24
  72	823,858.24	 5,395.95	 4,119.29	 1,276.66	822,581.58
  73	822,581.58	 5,395.95	 4,112.91	 1,283.05	821,298.53
  74	821,298.53	 5,395.95	 4,106.49	 1,289.46	820,009.07
  75	820,009.07	 5,395.95	 4,100.05	 1,295.91	818,713.16
  76	818,713.16	 5,395.95	 4,093.57	 1,302.39	817,410.77
  77	817,410.77	 5,395.95	 4,087.05	 1,308.90	816,101.87
  78	816,101.87	 5,395.95	 4,080.51	 1,315.45	814,786.42
  79	814,786.42	 5,395.95	 4,073.93	 1,322.02	813,464.40
  80	813,464.40	 5,395.95	 4,067.32	 1,328.63	812,135.77
  81	812,135.77	 5,395.95	 4,060.68	 1,335.28	810,800.49
  82	810,800.49	 5,395.95	 4,054.00	 1,341.95	809,458.54
  83	809,458.54	 5,395.95	 4,047.29	 1,348.66	808,109.88
  84	808,109.88	 5,395.95	 4,040.55	 1,355.41	806,754.47
  85	806,754.47	 5,395.95	 4,033.77	 1,362.18	805,392.29
  86	805,392.29	 5,395.95	 4,026.96	 1,368.99	804,023.30
  87	804,023.30	 5,395.95	 4,020.12	 1,375.84	802,647.46
  88	802,647.46	 5,395.95	 4,013.24	 1,382.72	801,264.74
  89	801,264.74	 5,395.95	 4,006.32	 1,389.63	799,875.11
  90	799,875.11	 5,395.95	 3,999.38	 1,396.58	798,478.53
  91	798,478.53	 5,395.95	 3,992.39	 1,403.56	797,074.97
  92	797,074.97	 5,395.95	 3,985.37	 1,410.58	795,664.39
  93	795,664.39	 5,395.95	 3,978.32	 1,417.63	794,246.76
  94	794,246.76	 5,395.95	 3,971.23	 1,424.72	792,822.04
  95	792,822.04	 5,395.95	 3,964.11	 1,431.84	791,390.19
  96	791,390.19	 5,395.95	 3,956.95	 1,439.00	789,951.19
  97	789,951.19	 5,395.95	 3,949.76	 1,446.20	788,504.99
  98	788,504.99	 5,395.95	 3,942.52	 1,453.43	787,051.56
  99	787,051.56	 5,395.95	 3,935.26	 1,460.70	785,590.86
  100	785,590.86	 5,395.95	 3,927.95	 1,468.00	784,122.86
  101	784,122.86	 5,395.95	 3,920.61	 1,475.34	782,647.52
  102	782,647.52	 5,395.95	 3,913.24	 1,482.72	781,164.80
  103	781,164.80	 5,395.95	 3,905.82	 1,490.13	779,674.67
  104	779,674.67	 5,395.95	 3,898.37	 1,497.58	778,177.09
  105	778,177.09	 5,395.95	 3,890.89	 1,505.07	776,672.02
  106	776,672.02	 5,395.95	 3,883.36	 1,512.59	775,159.43
  107	775,159.43	 5,395.95	 3,875.80	 1,520.16	773,639.27
  108	773,639.27	 5,395.95	 3,868.20	 1,527.76	772,111.51
  109	772,111.51	 5,395.95	 3,860.56	 1,535.40	770,576.12
  110	770,576.12	 5,395.95	 3,852.88	 1,543.07	769,033.04
  111	769,033.04	 5,395.95	 3,845.17	 1,550.79	767,482.25
  112	767,482.25	 5,395.95	 3,837.41	 1,558.54	765,923.71
  113	765,923.71	 5,395.95	 3,829.62	 1,566.34	764,357.37
  114	764,357.37	 5,395.95	 3,821.79	 1,574.17	762,783.20
  115	762,783.20	 5,395.95	 3,813.92	 1,582.04	761,201.17
  116	761,201.17	 5,395.95	 3,806.01	 1,589.95	759,611.22
  117	759,611.22	 5,395.95	 3,798.06	 1,597.90	758,013.32
  118	758,013.32	 5,395.95	 3,790.07	 1,605.89	756,407.43
  119	756,407.43	 5,395.95	 3,782.04	 1,613.92	754,793.51
  120	754,793.51	 5,395.95	 3,773.97	 1,621.99	753,171.52
  121	753,171.52	 5,395.95	 3,765.86	 1,630.10	751,541.43
  122	751,541.43	 5,395.95	 3,757.71	 1,638.25	749,903.18
  123	749,903.18	 5,395.95	 3,749.52	 1,646.44	748,256.74
  124	748,256.74	 5,395.95	 3,741.28	 1,654.67	746,602.07
  125	746,602.07	 5,395.95	 3,733.01	 1,662.94	744,939.13
  126	744,939.13	 5,395.95	 3,724.70	 1,671.26	743,267.87
  127	743,267.87	 5,395.95	 3,716.34	 1,679.62	741,588.25
  128	741,588.25	 5,395.95	 3,707.94	 1,688.01	739,900.24
  129	739,900.24	 5,395.95	 3,699.50	 1,696.45	738,203.78
  130	738,203.78	 5,395.95	 3,691.02	 1,704.94	736,498.85
  131	736,498.85	 5,395.95	 3,682.49	 1,713.46	734,785.39
  132	734,785.39	 5,395.95	 3,673.93	 1,722.03	733,063.36
  133	733,063.36	 5,395.95	 3,665.32	 1,730.64	731,332.72
  134	731,332.72	 5,395.95	 3,656.66	 1,739.29	729,593.43
  135	729,593.43	 5,395.95	 3,647.97	 1,747.99	727,845.44
  136	727,845.44	 5,395.95	 3,639.23	 1,756.73	726,088.72
  137	726,088.72	 5,395.95	 3,630.44	 1,765.51	724,323.20
  138	724,323.20	 5,395.95	 3,621.62	 1,774.34	722,548.87
  139	722,548.87	 5,395.95	 3,612.74	 1,783.21	720,765.66
  140	720,765.66	 5,395.95	 3,603.83	 1,792.13	718,973.53
  141	718,973.53	 5,395.95	 3,594.87	 1,801.09	717,172.44
  142	717,172.44	 5,395.95	 3,585.86	 1,810.09	715,362.35
  143	715,362.35	 5,395.95	 3,576.81	 1,819.14	713,543.21
  144	713,543.21	 5,395.95	 3,567.72	 1,828.24	711,714.97
  145	711,714.97	 5,395.95	 3,558.57	 1,837.38	709,877.59
  146	709,877.59	 5,395.95	 3,549.39	 1,846.57	708,031.02
  147	708,031.02	 5,395.95	 3,540.16	 1,855.80	706,175.22
  148	706,175.22	 5,395.95	 3,530.88	 1,865.08	704,310.14
  149	704,310.14	 5,395.95	 3,521.55	 1,874.40	702,435.74
  150	702,435.74	 5,395.95	 3,512.18	 1,883.78	700,551.96
  151	700,551.96	 5,395.95	 3,502.76	 1,893.19	698,658.77
  152	698,658.77	 5,395.95	 3,493.29	 1,902.66	696,756.11
  153	696,756.11	 5,395.95	 3,483.78	 1,912.17	694,843.93
  154	694,843.93	 5,395.95	 3,474.22	 1,921.74	692,922.20
  155	692,922.20	 5,395.95	 3,464.61	 1,931.34	690,990.85
  156	690,990.85	 5,395.95	 3,454.95	 1,941.00	689,049.85
  157	689,049.85	 5,395.95	 3,445.25	 1,950.71	687,099.15
  158	687,099.15	 5,395.95	 3,435.50	 1,960.46	685,138.69
  159	685,138.69	 5,395.95	 3,425.69	 1,970.26	683,168.43
  160	683,168.43	 5,395.95	 3,415.84	 1,980.11	681,188.32
  161	681,188.32	 5,395.95	 3,405.94	 1,990.01	679,198.30
  162	679,198.30	 5,395.95	 3,395.99	 1,999.96	677,198.34
  163	677,198.34	 5,395.95	 3,385.99	 2,009.96	675,188.38
  164	675,188.38	 5,395.95	 3,375.94	 2,020.01	673,168.36
  165	673,168.36	 5,395.95	 3,365.84	 2,030.11	671,138.25
  166	671,138.25	 5,395.95	 3,355.69	 2,040.26	669,097.99
  167	669,097.99	 5,395.95	 3,345.49	 2,050.46	667,047.52
  168	667,047.52	 5,395.95	 3,335.24	 2,060.72	664,986.81
  169	664,986.81	 5,395.95	 3,324.93	 2,071.02	662,915.78
  170	662,915.78	 5,395.95	 3,314.58	 2,081.38	660,834.41
  171	660,834.41	 5,395.95	 3,304.17	 2,091.78	658,742.63
  172	658,742.63	 5,395.95	 3,293.71	 2,102.24	656,640.38
  173	656,640.38	 5,395.95	 3,283.20	 2,112.75	654,527.63
  174	654,527.63	 5,395.95	 3,272.64	 2,123.32	652,404.31
  175	652,404.31	 5,395.95	 3,262.02	 2,133.93	650,270.38
  176	650,270.38	 5,395.95	 3,251.35	 2,144.60	648,125.78
  177	648,125.78	 5,395.95	 3,240.63	 2,155.33	645,970.45
  178	645,970.45	 5,395.95	 3,229.85	 2,166.10	643,804.35
  179	643,804.35	 5,395.95	 3,219.02	 2,176.93	641,627.42
  180	641,627.42	 5,395.95	 3,208.14	 2,187.82	639,439.60
  181	639,439.60	 5,395.95	 3,197.20	 2,198.76	637,240.84
  182	637,240.84	 5,395.95	 3,186.20	 2,209.75	635,031.09
  183	635,031.09	 5,395.95	 3,175.16	 2,220.80	632,810.29
  184	632,810.29	 5,395.95	 3,164.05	 2,231.90	630,578.39
  185	630,578.39	 5,395.95	 3,152.89	 2,243.06	628,335.33
  186	628,335.33	 5,395.95	 3,141.68	 2,254.28	626,081.05
  187	626,081.05	 5,395.95	 3,130.41	 2,265.55	623,815.50
  188	623,815.50	 5,395.95	 3,119.08	 2,276.88	621,538.62
  189	621,538.62	 5,395.95	 3,107.69	 2,288.26	619,250.36
  190	619,250.36	 5,395.95	 3,096.25	 2,299.70	616,950.66
  191	616,950.66	 5,395.95	 3,084.75	 2,311.20	614,639.46
  192	614,639.46	 5,395.95	 3,073.20	 2,322.76	612,316.70
  193	612,316.70	 5,395.95	 3,061.58	 2,334.37	609,982.33
  194	609,982.33	 5,395.95	 3,049.91	 2,346.04	607,636.29
  195	607,636.29	 5,395.95	 3,038.18	 2,357.77	605,278.51
  196	605,278.51	 5,395.95	 3,026.39	 2,369.56	602,908.95
  197	602,908.95	 5,395.95	 3,014.54	 2,381.41	600,527.54
  198	600,527.54	 5,395.95	 3,002.64	 2,393.32	598,134.22
  199	598,134.22	 5,395.95	 2,990.67	 2,405.28	595,728.94
  200	595,728.94	 5,395.95	 2,978.64	 2,417.31	593,311.63
  201	593,311.63	 5,395.95	 2,966.56	 2,429.40	590,882.23
  202	590,882.23	 5,395.95	 2,954.41	 2,441.54	588,440.69
  203	588,440.69	 5,395.95	 2,942.20	 2,453.75	585,986.94
  204	585,986.94	 5,395.95	 2,929.93	 2,466.02	583,520.92
  205	583,520.92	 5,395.95	 2,917.60	 2,478.35	581,042.57
  206	581,042.57	 5,395.95	 2,905.21	 2,490.74	578,551.83
  207	578,551.83	 5,395.95	 2,892.76	 2,503.20	576,048.63
  208	576,048.63	 5,395.95	 2,880.24	 2,515.71	573,532.92
  209	573,532.92	 5,395.95	 2,867.66	 2,528.29	571,004.63
  210	571,004.63	 5,395.95	 2,855.02	 2,540.93	568,463.70
  211	568,463.70	 5,395.95	 2,842.32	 2,553.64	565,910.06
  212	565,910.06	 5,395.95	 2,829.55	 2,566.40	563,343.66
  213	563,343.66	 5,395.95	 2,816.72	 2,579.24	560,764.42
  214	560,764.42	 5,395.95	 2,803.82	 2,592.13	558,172.29
  215	558,172.29	 5,395.95	 2,790.86	 2,605.09	555,567.19
  216	555,567.19	 5,395.95	 2,777.84	 2,618.12	552,949.07
  217	552,949.07	 5,395.95	 2,764.75	 2,631.21	550,317.87
  218	550,317.87	 5,395.95	 2,751.59	 2,644.37	547,673.50
  219	547,673.50	 5,395.95	 2,738.37	 2,657.59	545,015.91
  220	545,015.91	 5,395.95	 2,725.08	 2,670.88	542,345.04
  221	542,345.04	 5,395.95	 2,711.73	 2,684.23	539,660.81
  222	539,660.81	 5,395.95	 2,698.30	 2,697.65	536,963.16
  223	536,963.16	 5,395.95	 2,684.82	 2,711.14	534,252.02
  224	534,252.02	 5,395.95	 2,671.26	 2,724.69	531,527.32
  225	531,527.32	 5,395.95	 2,657.64	 2,738.32	528,789.01
  226	528,789.01	 5,395.95	 2,643.95	 2,752.01	526,037.00
  227	526,037.00	 5,395.95	 2,630.18	 2,765.77	523,271.23
  228	523,271.23	 5,395.95	 2,616.36	 2,779.60	520,491.63
  229	520,491.63	 5,395.95	 2,602.46	 2,793.50	517,698.13
  230	517,698.13	 5,395.95	 2,588.49	 2,807.46	514,890.67
  231	514,890.67	 5,395.95	 2,574.45	 2,821.50	512,069.17
  232	512,069.17	 5,395.95	 2,560.35	 2,835.61	509,233.56
  233	509,233.56	 5,395.95	 2,546.17	 2,849.79	506,383.77
  234	506,383.77	 5,395.95	 2,531.92	 2,864.04	503,519.73
  235	503,519.73	 5,395.95	 2,517.60	 2,878.36	500,641.38
  236	500,641.38	 5,395.95	 2,503.21	 2,892.75	497,748.63
  237	497,748.63	 5,395.95	 2,488.74	 2,907.21	494,841.42
  238	494,841.42	 5,395.95	 2,474.21	 2,921.75	491,919.67
  239	491,919.67	 5,395.95	 2,459.60	 2,936.36	488,983.31
  240	488,983.31	 5,395.95	 2,444.92	 2,951.04	486,032.28
  241	486,032.28	 5,395.95	 2,430.16	 2,965.79	483,066.48
  242	483,066.48	 5,395.95	 2,415.33	 2,980.62	480,085.86
  243	480,085.86	 5,395.95	 2,400.43	 2,995.53	477,090.34
  244	477,090.34	 5,395.95	 2,385.45	 3,010.50	474,079.83
  245	474,079.83	 5,395.95	 2,370.40	 3,025.56	471,054.28
  246	471,054.28	 5,395.95	 2,355.27	 3,040.68	468,013.59
  247	468,013.59	 5,395.95	 2,340.07	 3,055.89	464,957.71
  248	464,957.71	 5,395.95	 2,324.79	 3,071.17	461,886.54
  249	461,886.54	 5,395.95	 2,309.43	 3,086.52	458,800.02
  250	458,800.02	 5,395.95	 2,294.00	 3,101.95	455,698.06
  251	455,698.06	 5,395.95	 2,278.49	 3,117.46	452,580.60
  252	452,580.60	 5,395.95	 2,262.90	 3,133.05	449,447.55
  253	449,447.55	 5,395.95	 2,247.24	 3,148.72	446,298.83
  254	446,298.83	 5,395.95	 2,231.49	 3,164.46	443,134.37
  255	443,134.37	 5,395.95	 2,215.67	 3,180.28	439,954.09
  256	439,954.09	 5,395.95	 2,199.77	 3,196.18	436,757.90
  257	436,757.90	 5,395.95	 2,183.79	 3,212.17	433,545.74
  258	433,545.74	 5,395.95	 2,167.73	 3,228.23	430,317.51
  259	430,317.51	 5,395.95	 2,151.59	 3,244.37	427,073.14
  260	427,073.14	 5,395.95	 2,135.37	 3,260.59	423,812.56
  261	423,812.56	 5,395.95	 2,119.06	 3,276.89	420,535.66
  262	420,535.66	 5,395.95	 2,102.68	 3,293.28	417,242.39
  263	417,242.39	 5,395.95	 2,086.21	 3,309.74	413,932.64
  264	413,932.64	 5,395.95	 2,069.66	 3,326.29	410,606.35
  265	410,606.35	 5,395.95	 2,053.03	 3,342.92	407,263.43
  266	407,263.43	 5,395.95	 2,036.32	 3,359.64	403,903.79
  267	403,903.79	 5,395.95	 2,019.52	 3,376.44	400,527.36
  268	400,527.36	 5,395.95	 2,002.64	 3,393.32	397,134.04
  269	397,134.04	 5,395.95	 1,985.67	 3,410.28	393,723.75
  270	393,723.75	 5,395.95	 1,968.62	 3,427.34	390,296.42
  271	390,296.42	 5,395.95	 1,951.48	 3,444.47	386,851.95
  272	386,851.95	 5,395.95	 1,934.26	 3,461.70	383,390.25
  273	383,390.25	 5,395.95	 1,916.95	 3,479.00	379,911.25
  274	379,911.25	 5,395.95	 1,899.56	 3,496.40	376,414.85
  275	376,414.85	 5,395.95	 1,882.07	 3,513.88	372,900.97
  276	372,900.97	 5,395.95	 1,864.50	 3,531.45	369,369.52
  277	369,369.52	 5,395.95	 1,846.85	 3,549.11	365,820.41
  278	365,820.41	 5,395.95	 1,829.10	 3,566.85	362,253.56
  279	362,253.56	 5,395.95	 1,811.27	 3,584.69	358,668.87
  280	358,668.87	 5,395.95	 1,793.34	 3,602.61	355,066.26
  281	355,066.26	 5,395.95	 1,775.33	 3,620.62	351,445.64
  282	351,445.64	 5,395.95	 1,757.23	 3,638.73	347,806.91
  283	347,806.91	 5,395.95	 1,739.03	 3,656.92	344,149.99
  284	344,149.99	 5,395.95	 1,720.75	 3,675.20	340,474.79
  285	340,474.79	 5,395.95	 1,702.37	 3,693.58	336,781.21
  286	336,781.21	 5,395.95	 1,683.91	 3,712.05	333,069.16
  287	333,069.16	 5,395.95	 1,665.35	 3,730.61	329,338.55
  288	329,338.55	 5,395.95	 1,646.69	 3,749.26	325,589.29
  289	325,589.29	 5,395.95	 1,627.95	 3,768.01	321,821.28
  290	321,821.28	 5,395.95	 1,609.11	 3,786.85	318,034.43
  291	318,034.43	 5,395.95	 1,590.17	 3,805.78	314,228.65
  292	314,228.65	 5,395.95	 1,571.14	 3,824.81	310,403.83
  293	310,403.83	 5,395.95	 1,552.02	 3,843.94	306,559.90
  294	306,559.90	 5,395.95	 1,532.80	 3,863.16	302,696.74
  295	302,696.74	 5,395.95	 1,513.48	 3,882.47	298,814.27
  296	298,814.27	 5,395.95	 1,494.07	 3,901.88	294,912.39
  297	294,912.39	 5,395.95	 1,474.56	 3,921.39	290,991.00
  298	290,991.00	 5,395.95	 1,454.95	 3,941.00	287,050.00
  299	287,050.00	 5,395.95	 1,435.25	 3,960.70	283,089.29
  300	283,089.29	 5,395.95	 1,415.45	 3,980.51	279,108.78
  301	279,108.78	 5,395.95	 1,395.54	 4,000.41	275,108.37
  302	275,108.37	 5,395.95	 1,375.54	 4,020.41	271,087.96
  303	271,087.96	 5,395.95	 1,355.44	 4,040.51	267,047.45
  304	267,047.45	 5,395.95	 1,335.24	 4,060.72	262,986.73
  305	262,986.73	 5,395.95	 1,314.93	 4,081.02	258,905.71
  306	258,905.71	 5,395.95	 1,294.53	 4,101.43	254,804.28
  307	254,804.28	 5,395.95	 1,274.02	 4,121.93	250,682.35
  308	250,682.35	 5,395.95	 1,253.41	 4,142.54	246,539.80
  309	246,539.80	 5,395.95	 1,232.70	 4,163.26	242,376.55
  310	242,376.55	 5,395.95	 1,211.88	 4,184.07	238,192.48
  311	238,192.48	 5,395.95	 1,190.96	 4,204.99	233,987.48
  312	233,987.48	 5,395.95	 1,169.94	 4,226.02	229,761.47
  313	229,761.47	 5,395.95	 1,148.81	 4,247.15	225,514.32
  314	225,514.32	 5,395.95	 1,127.57	 4,268.38	221,245.94
  315	221,245.94	 5,395.95	 1,106.23	 4,289.73	216,956.21
  316	216,956.21	 5,395.95	 1,084.78	 4,311.17	212,645.04
  317	212,645.04	 5,395.95	 1,063.23	 4,332.73	208,312.31
  318	208,312.31	 5,395.95	 1,041.56	 4,354.39	203,957.92
  319	203,957.92	 5,395.95	 1,019.79	 4,376.17	199,581.75
  320	199,581.75	 5,395.95	   997.91	 4,398.05	195,183.70
  321	195,183.70	 5,395.95	   975.92	 4,420.04	190,763.67
  322	190,763.67	 5,395.95	   953.82	 4,442.14	186,321.53
  323	186,321.53	 5,395.95	   931.61	 4,464.35	181,857.18
  324	181,857.18	 5,395.95	   909.29	 4,486.67	177,370.52
  325	177,370.52	 5,395.95	   886.85	 4,509.10	172,861.41
  326	172,861.41	 5,395.95	   864.31	 4,531.65	168,329.77
  327	168,329.77	 5,395.95	   841.65	 4,554.31	163,775.46
  328	163,775.46	 5,395.95	   818.88	 4,577.08	159,198.38
  329	159,198.38	 5,395.95	   795.99	 4,599.96	154,598.42
  330	154,598.42	 5,395.95	   772.99	 4,622.96	149,975.46
  331	149,975.46	 5,395.95	   749.88	 4,646.08	145,329.38
  332	145,329.38	 5,395.95	   726.65	 4,669.31	140,660.07
  333	140,660.07	 5,395.95	   703.30	 4,692.65	135,967.42
  334	135,967.42	 5,395.95	   679.84	 4,716.12	131,251.30
  335	131,251.30	 5,395.95	   656.26	 4,739.70	126,511.60
  336	126,511.60	 5,395.95	   632.56	 4,763.40	121,748.20
  337	121,748.20	 5,395.95	   608.74	 4,787.21	116,960.99
  338	116,960.99	 5,395.95	   584.80	 4,811.15	112,149.84
  339	112,149.84	 5,395.95	   560.75	 4,835.21	107,314.64
  340	107,314.64	 5,395.95	   536.57	 4,859.38	102,455.25
  341	102,455.25	 5,395.95	   512.28	 4,883.68	97,571.58
  342	97,571.58	 5,395.95	   487.86	 4,908.10	92,663.48
  343	92,663.48	 5,395.95	   463.32	 4,932.64	87,730.84
  344	87,730.84	 5,395.95	   438.65	 4,957.30	82,773.54
  345	82,773.54	 5,395.95	   413.87	 4,982.09	77,791.45
  346	77,791.45	 5,395.95	   388.96	 5,007.00	72,784.46
  347	72,784.46	 5,395.95	   363.92	 5,032.03	67,752.42
  348	67,752.42	 5,395.95	   338.76	 5,057.19	62,695.23
  349	62,695.23	 5,395.95	   313.48	 5,082.48	57,612.75
  350	57,612.75	 5,395.95	   288.06	 5,107.89	52,504.86
  351	52,504.86	 5,395.95	   262.52	 5,133.43	47,371.43
  352	47,371.43	 5,395.95	   236.86	 5,159.10	42,212.33
  353	42,212.33	 5,395.95	   211.06	 5,184.89	37,027.44
  354	37,027.44	 5,395.95	   185.14	 5,210.82	31,816.62
  355	31,816.62	 5,395.95	   159.08	 5,236.87	26,579.75
  356	26,579.75	 5,395.95	   132.90	 5,263.06	21,316.70
  357	21,316.70	 5,395.95	   106.58	 5,289.37	16,027.32
  358	16,027.32	 5,395.95	    80.14	 5,315.82	10,711.51
  359	10,711.51	 5,395.95	    53.56	 5,342.40	 5,369.11
  360	 5,369.11	 5,395.95	    26.85	 5,369.11	    -0.00
